45 101 4 0 78 7 26 22 55 28 65 78 22 0 16 101 3 31 11 5 0 1 43 6 20 78 21 27 5 41 28 30 7 7 85 13 54 69 3 1 0 85 16 45 0 77 13 27 7 22 32 6 25 78 3 20 29 101 17 2 78 7 26 8 51 0 77 26 28 28 23 101 21 31 1 22 25 1 40 75 
47 27 0 85 29 42 16 77 10 29 17 68 35 12 3 10 84 1 12 44 22 77 13 24 0 1 127 69 57 28 13 85 8 42 10 6 7 26 18 68 35 10 31 78 21 85 17 55 9 77 7 26 85 16 45 0 77 26 17 13 16 107 
11 31 11 23 6 5 44 0 8 27 21 28 16 49 0 14 29 31 5 23 36 2 0 27 17 19 13 32 4 26 15 26 6 12 32 9 10 13 7 23 23 54 17 11 2 21 29 10 50 10 8 6 31 28 15 51 4 8 8 4 
7 2 44 23 14 1 24 59 1 41 4 29 27 6 6 7 48 21 31 0 18 22 8 54 23 31 2 0 18 1 54 22 25 11 7 27 29 48 70 30 28 13 12 16 43 0 11 26 1 19 5 38 17 27 26 27 26 11 39 4 
64 12 0 27 7 34 17 5 13 6 0 3 43 4 25 0 4 16 1 60 1 4 27 4 27 22 43 12 2 15 26 18 1 44 0 26 26 7 18 2 39 17 8 11 25 7 16 41 9 8 9 26 7 23 50 4 24 11 5 16 
5 33 16 6 15 27 24 7 45 12 24 1 29 28 11 53 0 25 23 26 27 1 36 8 14 29 7 1 16 40 0 2 1 17 7 10 32 17 5 15 3 19 1 36 3 25 27 0 26 1 38 11 31 10 2 20 1 53 9 12 
0 7 20 13 49 17 8 1 2 25 17 3 1 20 27 26 0 43 36 0 12 24 16 28 11 42 8 2 7 13 2 11 49 1 15 13 17 7 9 41 7 25 2 29 18 72 49 12 8 7 6 25 1 32 1 11 30 19 26 12 
2 33 16 11 16 2 6 18 33 14 30 19 12 10 2 50 18 67 0 12 11 0 55 9 4 7 10 1 1 45 10 31 29 30 1 27 49 4 1 90 23 11 29 35 14 9 7 14 2 25 33 22 6 18 0 28 17 35 14 9 
29 2 19 55 17 6 43 40 23 3 38 17 31 27 21 19 1 55 4 30 15 16 28 1 44 21 6 15 7 26 17 44 17 8 26 24 27 8 5 12 14 0 21 24 22 43 9 31 11 1 6 6 43 11 20 24 16 0 16 39 
4 5 2 7 28 13 36 17 25 1 21 29 8 55 4 8 11 7 6 8 39 12 29 11 28 27 0 43 10 4 11 17 6 16 63 4 8 9 22 23 16 42 10 25 15 1 28 16 38 16 24 29 22 26 0 55 22 4 1 1 
17 5 41 8 23 30 13 27 1 35 0 31 10 17 24 23 42 22 8 0 17 22 13 55 8 25 11 29 17 19 55 0 31 9 6 16 8 54 9 25 10 24 24 5 48 23 25 15 28 28 16 34 0 25 8 0 18 11 49 11 
30 9 17 26 1 36 0 25 2 14 24 10 45 14 8 29 26 27 5 45 19 28 1 29 29 5 52 4 3 27 26 26 22 32 17 8 1 16 18 0 43 3 0 15 0 22 10 32 22 8 7 1 27 11 45 6 25 11 27 28 
11 34 11 25 15 2 17 10 45 22 12 8 13 22 22 33 22 4 5 17 20 8 60 0 3 15 24 27 16 32 13 8 11 0 17 13 32 12 4 11 16 25 1 49 28 3 28 6 24 1 34 17 27 28 1 16 5 42 0 12 
28 17 6 23 36 12 30 23 24 28 23 43 10 26 13 23 27 23 48 10 15 13 7 20 3 42 0 20 1 26 7 18 55 17 30 7 18 7 17 32 4 3 5 4 24 1 48 4 8 25 17 16 2 45 0 2 11 4 25 12 
54 1 8 7 26 5 1 39 19 5 28 21 3 1 49 16 12 68 6 1 11 60 1 6 1 7 27 1 44 62 4 7 26 20 10 42 17 8 11 1 28 3 60 0 14 26 29 3 22 34 7 14 1 0 16 1 53 22 12 13 
29 5 5 38 31 4 0 23 28 0 54 11 3 15 3 27 18 38 14 24 2 6 17 10 36 23 1 27 27 29 12 50 9 1 10 7 1 10 32 10 8 10 29 1 10 32 23 2 15 1 16 5 35 22 25 1 16 27 23 36 
1 1 25 7 16 16 43 8 3 29 17 25 1 35 6 1 28 17 28 5 32 23 12 9 3 6 10 41 9 30 3 7 18 1 55 22 30 9 6 27 1 43 10 29 1 17 16 5 32 14 14 29 1 29 11 43 9 30 27 6 
26 1 34 10 4 11 24 20 22 32 0 31 30 27 18 10 32 11 32 27 28 22 22 32 4 29 12 4 12 55 54 16 5 15 24 25 22 41 0 30 27 14 20 1 45 16 3 13 21 20 1 41 13 3 6 17 7 16 32 12 
1 1 0 0 11 3 9 14 0 1 16 22 45 0 14 2 21 27 10 41 6 4 23 22 1 3 44 17 12 13 21 6 1 34 0 4 7 29 28 8 41 1 12 1 6 0 17 41 17 4 2 29 19 29 35 12 8 11 26 16 
13 49 0 8 0 19 6 1 48 12 9 31 0 6 1 32 53 8 9 0 23 5 46 1 2 23 17 17 1 44 9 31 7 6 18 23 36 12 12 13 1 27 15 36 6 29 10 6 31 2 35 0 12 15 26 17 1 32 11 8 
11 7 25 28 45 26 31 9 29 25 6 36 3 29 25 29 17 11 33 0 4 28 29 3 8 44 6 8 2 0 29 13 49 23 14 29 24 1 1 49 23 9 15 29 25 1 32 15 20 29 17 6 11 44 1 11 4 4 16 7 
42 1 5 29 24 75 10 49 21 29 26 0 26 13 32 12 1 15 3 18 11 44 11 4 0 27 16 5 122 0 31 29 3 19 1 33 2 3 20 0 16 29 54 2 1 11 26 0 13 44 11 2 2 7 6 29 41 2 30 13 
6 20 29 49 22 38 1 4 27 13 44 22 8 27 6 28 7 43 4 1 7 1 1 22 32 7 30 15 21 18 23 32 1 31 11 -74 -60 9 41 4 8 15 0 25 1 43 23 30 6 21 28 5 43 18 14 27 25 12 13 38 4 
9 11 24 5 1 27 11 31 10 1 22 10 34 23 31 29 17 20 22 55 6 3 8 24 5 1 38 0 1 13 24 17 1 55 17 21 7 26 22 22 45 6 11 28 0 1 8 54 16 28 2 17 1 5 48 18 8 27 26 7 
10 38 11 12 3 22 16 8 54 9 0 11 17 17 16 55 16 25 11 28 29 11 32 0 4 15 27 17 8 32 4 25 67 19 6 20 34 15 31 2 24 28 16 48 22 8 26 21 26 10 44 14 4 0 19 16 1 35 13 15 
8 22 16 5 49 31 12 9 18 20 8 55 12 1 29 0 16 11 36 9 8 0 29 3 16 39 22 24 1 17 6 17 43 0 15 2 29 24 16 36 4 0 0 23 1 8 49 12 2 1 28 16 0 54 0 25 7 26 18 2 
55 9 14 2 19 0 22 34 23 26 15 1 6 8 42 12 4 27 7 16 16 49 23 3 0 23 6 23 54 6 29 7 7 22 22 54 23 8 7 4 27 61 36 12 4 26 16 7 16 54 0 20 28 1 17 20 32 23 31 29 
26 16 16 54 12 38 28 19 30 7 36 17 24 11 27 25 1 48 0 31 11 23 19 23 48 4 4 3 25 23 22 36 3 8 9 25 3 1 38 0 57 30 21 28 8 43 8 31 28 27 1 16 48 4 4 11 17 1 15 45 
4 2 27 26 25 1 42 0 12 23 23 16 16 54 4 2 26 26 1 10 40 17 30 31 17 7 15 60 14 30 11 16 17 29 49 9 8 9 29 22 22 46 7 30 26 6 6 11 32 9 25 11 17 28 10 53 7 2 28 27 
16 6 44 22 9 15 27 5 1 49 10 31 15 28 7 22 54 12 14 23 0 17 5 48 7 26 29 17 16 22 38 28 8 11 26 17 23 43 4 30 13 29 23 8 49 11 4 1 17 28 1 43 0 3 6 16 26 22 32 10 
8 12 17 6 22 26 1 2 1 24 16 1 33 1 14 2 21 25 22 34 4 3 15 5 16 20 44 22 8 27 4 16 1 32 22 24 27 0 26 11 55 0 31 11 22 6 0 32 12 6 7 25 19 22 36 16 8 27 7 2 
9 38 6 14 28 23 7 7 33 10 5 15 19 22 5 53 0 1 1 29 16 22 49 0 14 1 29 1 7 54 10 4 1 17 18 30 55 11 23 2 0 16 22 44 0 12 2 27 5 13 32 28 1 0 16 23 17 50 23 12 
28 18 18 19 49 26 4 26 0 26 22 36 0 15 7 2 27 1 41 16 29 13 29 20 3 38 22 31 30 24 18 71 32 23 12 3 26 5 17 42 4 8 20 23 22 22 36 4 4 30 19 29 10 41 22 8 0 7 26 20 
43 20 14 10 26 0 1 51 28 8 2 27 25 9 36 7 0 15 7 2 2 41 17 5 10 26 2 13 42 4 12 7 25 18 22 53 23 25 15 22 28 1 33 0 1 0 16 16 2 49 11 4 24 22 3 10 32 22 31 1 
0 1 13 41 13 55 15 18 20 0 55 17 8 13 17 6 3 41 7 30 3 0 20 2 32 14 24 29 7 23 0 47 23 12 12 21 30 7 48 0 25 23 16 25 16 39 4 6 11 29 7 13 40 23 30 1 4 6 8 54 
6 10 10 23 17 91 49 22 4 25 7 23 29 41 16 30 2 2 25 1 34 10 15 29 25 29 16 49 4 4 9 6 6 6 49 0 30 11 24 2 13 60 11 15 29 27 0 16 32 10 2 11 21 17 1 55 2 12 2 27 
28 1 44 7 3 29 7 25 5 43 12 31 6 1 26 5 44 8 29 8 27 16 23 53 22 31 10 7 18 20 41 4 25 15 17 30 10 55 31 8 11 1 19 9 44 22 2 15 6 20 16 55 8 30 13 26 24 9 36 16 
9 15 1 20 1 17 9 14 28 28 16 5 41 1 24 3 18 26 17 54 21 12 23 17 20 2 51 19 30 28 18 20 19 43 8 8 29 18 20 13 39 0 11 15 89 3 11 54 9 26 7 1 16 8 36 20 24 11 21 24 
0 32 17 30 15 17 28 16 41 0 2 2 6 5 17 32 7 31 7 4 23 5 36 23 10 28 31 1 12 44 12 2 26 24 2 23 54 4 30 26 16 16 11 42 0 10 13 28 7 17 36 13 4 1 0 29 13 42 22 5 
2 6 18 9 49 17 3 28 1 25 16 44 20 12 12 6 29 13 60 12 3 8 26 28 9 36 9 9 1 0 0 11 38 19 9 28 23 17 3 43 11 20 29 2 20 12 55 0 31 11 0 22 22 38 16 9 0 7 17 5 
55 2 3 26 29 6 16 41 23 2 7 6 22 1 38 0 31 29 24 1 17 35 11 24 23 26 26 13 34 9 14 26 24 16 10 39 0 12 28 1 16 5 49 23 1 7 6 28 1 32 7 14 3 17 20 22 54 8 25 1 
17 6 12 49 8 8 12 30 25 1 42 11 25 20 17 6 12 43 22 8 0 17 29 8 49 4 4 29 25 22 1 35 0 14 11 26 5 5 60 16 12 15 24 16 5 43 9 8 1 17 28 22 63 10 12 15 26 27 1 36 
7 2 0 18 22 5 55 23 30 11 23 26 10 32 0 31 6 22 1 23 38 0 14 28 4 27 10 36 23 2 7 4 26 17 54 17 21 7 17 20 17 35 22 14 29 28 16 8 34 17 4 11 25 20 7 34 4 20 26 26 
0 23 49 3 8 15 7 2 1 44 23 1 13 25 12 5 61 23 2 11 6 7 29 38 4 25 27 23 0 8 49 23 12 2 21 7 5 44 21 8 11 19 7 15 43 22 25 25 19 6 2 39 1 3 29 29 0 0 60 9 
8 11 7 12 13 40 21 8 26 6 1 11 50 22 31 11 27 6 13 33 22 12 11 0 7 1 43 16 2 11 27 22 22 33 0 30 26 0 2 19 49 22 8 11 21 28 11 55 8 4 7 0 22 10 40 21 4 8 26 16 
17 34 4 11 11 19 19 16 32 7 4 8 29 7 3 49 9 24 13 23 3 23 43 4 1 11 27 25 9 54 22 8 7 27 1 3 44 8 12 11 0 17 0 43 17 2 0 17 7 9 41 22 12 12 21 6 13 54 0 8 
30 0 0 17 44 4 11 1 24 6 11 32 9 8 26 1 1 18 48 0 31 7 7 25 16 55 11 2 29 29 29 20 48 12 15 13 21 22 20 45 6 9 9 26 7 7 55 17 5 25 25 22 23 55 11 20 30 26 16 5 
33 21 11 27 0 6 1 48 23 14 2 0 29 13 36 23 14 2 26 16 3 55 17 8 30 1 25 0 32 16 30 28 27 25 13 32 22 3 7 19 22 1 49 4 1 2 2 1 1 49 9 24 1 19 29 22 44 9 27 13 
1 28 23 60 7 3 11 30 16 23 32 17 9 28 24 5 0 35 16 8 6 28 12 10 53 4 25 27 0 6 5 51 16 25 29 16 28 22 55 12 0 20 7 27 22 42 12 0 12 23 6 16 32 23 29 8 6 23 7 49 
10 2 29 24 16 1 41 6 8 67 1 20 17 36 6 11 1 31 0 7 32 29 5 28 7 7 8 45 17 1 8 0 26 23 49 22 9 23 21 12 7 41 17 12 0 26 12 1 41 12 24 29 17 16 3 32 22 2 27 26 
16 11 55 3 25 2 26 6 11 32 4 4 0 19 22 22 55 7 4 7 26 20 16 38 18 30 13 6 16 19 55 23 30 11 23 26 23 54 9 8 13 22 20 1 47 0 8 11 7 16 23 42 4 1 0 17 27 16 38 17 
4 67 4 16 1 54 16 30 25 0 7 7 34 0 2 11 27 29 12 38 2 0 1 28 22 29 49 7 20 15 0 28 13 36 1 6 8 29 30 13 35 0 14 2 23 16 3 32 4 25 2 26 1 13 38 6 14 15 28 5 
18 36 17 24 30 19 16 17 54 12 1 26 0 16 8 49 11 24 11 21 16 0 43 18 1 10 4 20 7 49 8 27 30 7 29 17 36 11 11 11 27 12 12 54 28 12 6 27 17 16 38 10 25 15 6 3 1 54 0 0 
1 17 5 12 38 4 10 1 21 16 16 44 9 12 30 17 26 13 39 28 12 7 29 19 22 54 4 24 2 21 25 22 55 4 5 7 0 25 20 50 9 24 1 13 22 17 41 23 2 1 21 1 16 54 16 4 1 26 6 21 
39 0 25 7 0 1 13 49 22 9 11 29 16 9 32 6 14 11 21 16 23 44 11 4 26 17 26 8 41 29 8 11 24 1 0 45 4 24 7 1 0 9 38 17 29 28 29 6 13 44 9 14 13 21 5 5 38 6 0 15 
17 20 6 50 11 4 28 6 28 5 43 23 8 13 0 17 22 49 17 15 15 0 28 29 32 17 25 1 13 4 9 36 7 2 28 0 25 13 44 21 30 0 17 5 16 55 6 5 7 19 22 20 36 9 30 30 3 0 1 41 
9 2 0 6 7 10 38 0 20 3 27 0 11 54 22 8 24 22 27 18 43 13 1 29 16 28 13 54 2 1 1 13 20 16 49 11 2 15 27 22 1 36 12 29 3 7 16 16 48 21 9 7 28 20 11 48 18 8 12 23 
27 8 55 9 8 7 24 27 1 32 6 9 11 0 1 11 39 17 31 29 13 27 16 36 29 24 11 17 6 13 40 19 8 24 26 25 0 35 4 0 23 24 25 13 33 12 4 26 7 16 22 32 6 29 7 6 5 11 33 12 
8 7 28 28 9 60 22 8 7 2 23 1 40 11 24 1 17 12 13 54 9 11 15 0 16 5 32 22 26 11 13 5 6 33 16 30 27 21 30 16 54 0 8 26 26 6 17 44 22 31 0 24 4 13 36 17 7 0 31 20 
8 33 10 8 25 27 1 22 46 21 8 6 24 22 6 45 17 8 2 5 29 11 32 4 12 7 22 28 9 41 12 31 7 6 1 23 48 17 2 25 21 16 3 41 23 3 7 26 25 10 49 4 8 7 0 0 5 43 16 12 
26 17 1 1 44 21 27 15 1 20 3 55 0 0 15 26 23 16 49 16 8 13 13 25 1 42 20 12 26 23 6 6 40 0 3 15 21 12 1 33 16 12 13 6 3 10 32 11 1 15 17 30 1 41 1 2 0 24 17 13 
44 12 31 2 6 29 6 40 9 5 11 21 6 5 49 8 3 15 13 7 23 53 18 25 11 27 20 20 44 10 11 13 4 6 1 38 9 26 10 6 24 8 36 21 30 10 7 1 0 32 17 24 3 1 16 11 32 0 8 26 
1 1 5 55 17 8 1 29 25 22 32 6 3 15 1 22 0 49 0 25 15 24 19 5 36 6 31 15 1 22 23 43 4 31 2 29 16 16 32 0 8 7 21 29 5 36 2 5 10 31 18 12 35 1 10 5 18 17 12 33 
